1000 600
1000
100000	80 	40.8 		100000 		0.93 	0.82 	0.93	0.0		0.0		0.0		1   
100000 	80	100000 		81.6 		1.0 	1.0 	1.0 	0.0		0.0		0.0		1 
100000 	80 	-99918.4  	81.6 		1.0 	0.3 	0.4 	0.0		0.0		0.0		1   
16 		54	16			48			0.73	0.33	0.82	0.0		0.0		0.0		2   
16 		34 	16  		48			1.0 	0.27 	0.0 	0.0		0.0		0.0		2   
16		103 	16.5 		78 			0.6 	1.0 	1.0   	0.0		0.0		0.0		3  
15 		120 86.6		81.6 		0.0 	0.0 	0.0 	12   	12		12		1 
15 		-20 86.6		81.6 		0.0 	0.0 	0.0 	12   	12		12		1 
16 		46 	32			40 			0.278 	0.40	0.93 	0.0 	0.0		0.0		2

2 		-10 10.6		140.0 		0.0 	1.0		0.3 	0.0 	0.0		0.0		3   
2 		-10 14.6		140.0 		0.0 	1.0		0.3 	0.0 	0.0		0.0		3  
2 		-10 18.6		140.0 		0.0 	1.0		0.3 	0.0 	0.0		0.0		3 
2 		-10 22.6		140.0 		0.0 	1.0		0.3 	0.0 	0.0		0.0		3 

2 		-4 10.6		140.0 		0.0 	1.0		0.3 	0.0 	0.0		0.0		3   
2 		-4 14.6		140.0 		0.0 	1.0		0.3 	0.0 	0.0		0.0		3  
2 		-4 18.6		140.0 		0.0 	1.0		0.3 	0.0 	0.0		0.0		3 
2 		-4 22.6		140.0 		0.0 	1.0		0.3 	0.0 	0.0		0.0		3

2 		6 10.6		140.0 		0.0 	1.0		0.3 	0.0 	0.0		0.0		3   
2 		6 14.6		140.0 		0.0 	1.0		0.3 	0.0 	0.0		0.0		3  
2 		6 18.6		140.0 		0.0 	1.0		0.3 	0.0 	0.0		0.0		3 
2 		6 22.6		140.0 		0.0 	1.0		0.3 	0.0 	0.0		0.0		3

2 		2 22.6		140.0 		0.0 	1.0		0.3 	0.0 	0.0		0.0		3 
2 		10 22.6		140.0 		0.0 	1.0		0.3 	0.0 	0.0		0.0		3

2 		16 10.6		140.0 		0.0 	1.0		0.3 	0.0 	0.0		0.0		3   
2 		16 14.6		140.0 		0.0 	1.0		0.3 	0.0 	0.0		0.0		3  
2 		16 18.6		140.0 		0.0 	1.0		0.3 	0.0 	0.0		0.0		3 
2 		16 22.6		140.0 		0.0 	1.0		0.3 	0.0 	0.0		0.0		3

2 		20 16.6		140.0 		0.0 	1.0		0.3 	0.0 	0.0		0.0		3

2 		22.5 19		140.0 		0.0 	1.0		0.3 	0.0 	0.0		0.0		3
2 		22.5 14.2		140.0 		0.0 	1.0		0.3 	0.0 	0.0		0.0		3
2 		24.5 21		140.0 		0.0 	1.0		0.3 	0.0 	0.0		0.0		3
2 		24.5 12.2		140.0 		0.0 	1.0		0.3 	0.0 	0.0		0.0		3
